0 0 0 0 0 0 0 0 0 0 0 0 0 0 0 255 0 0 0 255 0 0 255 0 0 0 0 0
0 0 0 0 0 0 0 0 0 0 0 0 0 0 0 255 0 0 0 255 0 0 255 0 0 0 0 0
0 0 0 0 0 0 0 0 0 0 0 0 0 0 0 255 0 0 0 255 0 0 255 0 0 0 0 0
0 0 0 0 0 0 0 0 0 0 0 0 0 0 0 255 0 0 0 255 0 0 255 0 0 0 0 0
0 0 0 0 0 0 0 0 0 0 0 0 0 0 0 255 0 0 0 255 0 0 255 0 0 0 0 0
0 0 0 0 0 0 0 0 0 0 0 0 0 0 0 255 0 0 0 255 0 0 255 0 0 0 0 0
0 0 0 0 0 0 0 0 0 0 0 0 0 0 0 255 0 0 0 255 0 0 255 0 0 0 0 0
0 0 0 0 0 0 0 0 0 0 0 0 0 0 0 255 0 0 0 255 0 0 255 0 0 0 0 0
0 0 0 0 0 0 0 0 0 0 0 0 0 0 0 255 0 0 0 255 0 0 255 0 0 0 0 0
0 0 0 0 0 0 0 0 0 0 0 0 0 0 0 255 0 0 0 255 0 0 255 0 0 0 0 0
0 0 0 0 0 0 0 0 0 0 0 0 0 0 0 255 0 0 0 255 0 0 255 0 0 0 0 0
0 0 0 0 0 0 0 0 0 0 0 0 0 0 0 255 0 0 0 255 0 0 255 0 0 0 0 0
0 0 0 0 0 0 0 0 0 0 0 0 0 0 0 255 0 0 0 255 0 0 255 0 0 0 0 0
0 0 0 0 0 0 0 0 0 0 0 0 0 0 0 255 0 0 0 255 0 0 255 0 0 0 0 0
0 0 0 0 0 0 0 0 0 0 0 0 0 0 0 255 0 0 0 255 0 0 255 0 0 0 0 0
0 0 0 0 0 0 0 0 0 0 0 0 0 0 0 255 0 0 0 255 0 0 255 0 0 0 0 0
0 0 0 0 0 0 0 0 0 0 0 0 0 0 0 255 0 0 0 255 0 0 255 0 0 0 0 0
0 0 0 0 0 0 0 0 0 0 0 0 0 0 0 255 0 0 0 255 0 0 255 0 0 0 0 0
0 0 0 0 0 0 0 0 0 0 0 0 0 0 0 255 0 0 0 255 0 0 255 0 0 0 0 0
0 0 0 0 0 0 0 0 0 0 0 0 0 0 0 255 0 0 0 255 0 0 255 0 0 0 0 0

DO NOT INCLUDE BELOW IN TEXT FILE (OR THIS LINE FOR THAT MATTER)
Row = 28, column = 20
